%YAML:1.0
---
newCameraMatrixL: !!opencv-matrix
   rows: 3
   cols: 3
   dt: d
   data: [ 1.0276265869140625e+03, 0., 6.5517618953969213e+02, 0.,
       1.0240172119140625e+03, 3.5635648410555223e+02, 0., 0., 1. ]
distL: !!opencv-matrix
   rows: 1
   cols: 5
   dt: d
   data: [ -1.5957153763664255e-02, 1.6533978111257333e-01,
       1.1066529660033943e-03, 1.6506690327256293e-04,
       -3.4899497026252746e-01 ]
newCameraMatrixR: !!opencv-matrix
   rows: 3
   cols: 3
   dt: d
   data: [ 1.0413096923828125e+03, 0., 6.5302304969156103e+02, 0.,
       1.0395975341796875e+03, 3.5421182455681628e+02, 0., 0., 1. ]
distR: !!opencv-matrix
   rows: 1
   cols: 5
   dt: d
   data: [ -9.8592726786509450e-03, 2.0791323042044840e-01,
       -1.0134456300728539e-03, -6.2383568092009168e-04,
       -3.8208495122258368e-01 ]
